*Main Test.QuickCheck> verboseCheck (prop_RevApp :: [Int] -> [Int] -> Bool)
Passed:
[]
[]

Passed:
[-2,-5,-3,-1,-5,4]
[-2,-5,-3,-5,3]

Passed:
[3,-3,6]
[7]

Passed:
[2,-3,7,-2]
[]

Passed:
[7,-9,-2,3,0,-6,4]
[1,-8,4,-8,-5]

Passed:
[9,-4]
[-5,5,1,-8,-3,-1,-8]

Passed:
[]
[-8,-7,-11,-6]

Passed:
[-6,4]
[-12,1,6,11,7,-10]

Passed:
[5,-7,-6,3,11]
[0,2,2,-6]

Passed:
[]
[3,11,14,-14,-6,14,-12,-1,-4]

Passed:
[13,-15,15,4,-12,1,5,3,2,-7,-14,-13,1,-12]
[-5,8,2,1,-3,2,13,-2,-10]

Passed:
[-10,3]
[0,4,16,-6,-3,7,13,-14,-4,9,9,13]

Passed:
[-6,0,-2,13,3,-10,-2,-13,11,-5,1,9,14,-9,-3,10,6]
[-7,12,16,-14,-4,-1,-16,5,-13,-12,-15,0,-6,-4,-3,-15,5]

Passed:
[10,-3,5,16,4,10,-4,-17,4,8,10,-5,-14,4,12]
[-13,-8,-10,9,-1,-14,-9,3]

Passed:
[16,-4,18,5,-14,-15,-8,-19,1,8,19,-13,-16,7,7]
[]

Passed:
[11,7,12,-17,11,2,-17,0,9,5,-4,-10,-12,18,8,2,-9,-12,-16]
[12,4,-12,-19,-12,10,19,16,11,-11,16,9,-4,-15,5,15,4,-15,19,3]

Passed:
[1,18,-4,0,-6,-16,-5,6,-10,-16,19,0,-6,-21,19,-14]
[]

Passed:
[-12,20,-3,-21,17,22,13,7,-11,2,16,-21]
[-17,14,-21]

Passed:
[-21,-2,-12,17,-15,14]
[-1,16,18,-14,7,12,11,4,-11,6,-19]

Passed:
[-5,0,-17,11,15,-21,-15,-6,14,-3,-9,13,-2]
[17,-20,21,11,-13,24,15,2,-21]

Passed:
[8,12,25,10]
[]

Passed:
[24,-21,-23,-18,-3,-22,8,9,-2,23,-12,-3,10,0,6,26,18,-22,2]
[-26,-5,15,-7,-11,9,17,-7,23,3,16,-17,-10,8,16,-22,10,24,-10,17,24,-2,-17]

Passed:
[8,19,-22,3,-10,-18,17,-1,19,22,18,-5,-17,-23,21,-15,-22,24,-27,-24,-26,10,-5,7,5,15]
[-23,0,20,18,14,17,17,-9,22,-10,-4,-18,-14,-26,7,1,-22,11,-5,1,23]

Passed:
[-19,-15,-4,-12,-27,-11,-7,9,24,19,-18,18,11,9,-2,10,26,-25,-4,-4,-19,-5]
[-9,-2,-19,-24,23,-26,-13,1,-7,-22,-26,28,13,23]

Passed:
[4,28,-28,14,-27,17,6,11,-18,21,7,27,-16,10,27,13,-8,-11,5,27]
[-27,-21,-11,-16,-14,24,8,-4,22,-29,22]

Passed:
[19,-26,3,8,-26,-27,-20,-1,-15,16,-21,14,26,3,-29,7,-17,-8,-2,11]
[17,-19,7,18,-10,22,23,-2,23,-3,23,-2,26,15,24,6,-10,-30,-30]

Passed:
[-21,-12,22,27,3,-19,23,31,-4,-18,-22,12,11,20,11,-7]
[-22,-7,-23,25,23,20,25,24,-3,31,3,10,13,-29,-17,1,-14,-7]

Passed:
[17,13,-15,-12,27,28,27]
[5,21,-9,-13,-31,28,22,-8,7,13,9,-11,-32,3,3,16,13,25,14]

Passed:
[-33,-1,-1]
[23,-5,-16,31,12,27,-28,-30,0,-17,15,-11,6,5,-4,-14,14,-9,25,4,28,12,-18,26,22,-11,15,31,-12,-14]

Passed:
[29,-3,-10,-25,21,11,-22,-23,-5,-9,15,-34,6,-1,-2,-21,-29,-2,23,8,-19,-19,-22,20]
[30,-4,0,-32,7,5,10,-18,-3,27,6,-23,-6,-5,17,-34,-24,8,10,-22,-3,-3]

Passed:
[25,15,33,21,-30,-11,20,34,-1,3,23,-30,23]
[-7,-29,-29,16,21,19,23,11,26,-13,35,5,14,4,-34,-34,-30,-2,30,-12,-26,-9,16,16]

Passed:
[-24,-11,-18,25,-36,-4,12,-22,-33,-20,9,27,-3,-35,-12,-6]
[2,-20,1,-9,14,1,20,-36,-34,25,-23,-16,31,2,18,-8,17,-21,-31,-3,19,-32,19,18,20,-32,28,-3,25,35,23,-12]

Passed:
[-17,-14,36,34,25,6,-27,30,15,-21,-18,24,-36,-6]
[-23,-20,2,-25,27,-5,29,-32,-30,4,26,-29,-29,31,-13,21,34,-23,-27,-13,-21,37,-10,-14,20,-8,33,14,-26,0,-20,-30,12,31,-36]

Passed:
[36,0,-35]
[20,-32,26,-30,38,-35,-29,-19,-10,-26,1,-26,-9,11,-21,4,-34,-16,-22,-19]

Passed:
[39,-6,-29,1,6,18,36,-38,35,27,8,22,8,-37,-16,-12,32,19]
[9,-8,-22,-4,-15,-19,26,29,6,-3,-25,-32,9,36,34,-11,13,-7,32,4,-13,-30]

Passed:
[3,-31,-30,30,-3,40,7,-14,-33,7,30,-31,13,-12,40,28,2,-16,8,-1,-17,10,23,-15,-5,-35,20,31,-25,14,35,-6,28,38]
[7,-27,16,22,-28,-30,31,-24,37,27]

Passed:
[-12,3,-11,29,-40,4,30,-40,-2,17,15,-34,-31,-21,35,24,2,24,1,-11,10,19,4,2,-30,26,35,36,-28,41,-29,-9,-5]
[35,26,17,-11,-37,-23,-27,-30,1,-13,-40,26,-18,-6,27,-28,-19,2,-36,36]

Passed:
[38,-6,-35,-20,5,-11,28,40,-26,-6,7,12,-10,41,-29,-14,38,15,-12,-42,2,-27,17,31,-20]
[17,-11,30,-13,37]

Passed:
[40,29,-38,29,10,-41,-29,14,30,-41,-9,43,34,24,-33,-1,11,-40,-4,-27,16,-26,-43,-19,-6,42,-32,0,-42,-2,5]
[3,-20,42,31,-18,22,-28,-29,28,9,42,-30,-1,40]

Passed:
[30,-44,36,8,-11,-14,-39,1,-16,43,0,-26,-20]
[-40,-37,33,16,26,-27,-30,-42,43,27,19,-29,43,17,0,-11,4,-13]

Passed:
[-29,-43,-41,29,27,-11,30,37,42,2,-11,39,-34,-14,-31,27,27]
[-40,2,13,14,17,3,-25,27,-28,16,38]

Passed:
[-43,34,28,-40,-2,17,20,25,31,-24,16,5,18,23,-28,-16,-33,32,-28,2,14,2,-20,12,8,-15]
[-24,-9,-27,35,-43,-6,6,23,-44,-8,31,-44,-6,-10,21,12,-7,31,-37,-22,12,15,-22,-43,-23,-6,11,-3,-43]

Passed:
[4,15,7,30,-44,-13,8,-32,-24,-35,-27,-2,-14,35,-45,47,46,-16,21,12,0,-10,18,25,-28,31,31,-40,31,-25]
[15,-36,-18,10,44,16,17,-7,18,-46,-8,-16,44,12,31,-20,8,11,-22,23,-29,-40,22,0,12]

Passed:
[-4,39,-43,-11,-7,46,-27,-15,-20,0,22,-21,8,27,32,-40,-9,-34,11,43,-27,6,-42,-27,-20,7,47,-36,40,24,1,-13,41,28,-47,-47,16,8,12]
[42,-3,17,-36,-2,36,14,1,-40,13,4,1,-24,-33,2,-8,-17,-35,26,15,-33,30,29,12,24,-7,18,26,21,-21,-28,25]

Passed:
[16,-37,24,23,21,-22,-16,-9,-5,-6,49,7,31,-8,40,40,-5,42,8]
[-42,5,10,37,28,-33,-13,36,42,21,6,-43,32,-39,39,3,1,-28,6,32,12,-24,30,23,39,19,-6,-48,-25,27,-7,4,2,-47,-30,0,49,-4,-13]

Passed:
[4]
[5,30,-50,41,2,47]

Passed:
[-27,10,-7,-42,1,21,15,-4,-12,15,2,5,-30,49,-44,39,-25,14,-13,37,-50,51,12,44,38,28]
[-35,23,5,-42,-41,9,-13,-4,-21,42,-12,-6,-35,1,-11,0,-43,26,-2,-49,-46,-50,45,-35,9,30,7,31]

Passed:
[-25,-2,-25,-43,19,-1,-14,22,26,8,-33,-48,52,24,9,16,3]
[33,21,-39,50,12,25,13,27,43,-21,-41,47,-13,30,49,29,-25,-17]

Passed:
[45,36,34,-2,7,24,47,0,22,-14,-35,-13,23,28]
[50,-37,25,2,-32,18,-39,37,-3,-6,-21,-6,24,48,1,40,31,35,-7,37,-51,36,-36,16,46,1,-5,25,35,53,7,-21,39,50]

Passed:
[-25,-40,4,38,-34,-40,25,2,1,51,48,-31,51,8,24,41,23,49,-26,40,3,-8,-26,-32,7,4,-30,-50,41,-25,35,30,2,41,9,12,-48,-25]
[18,-21,9,47,17,53,17,-2,23,11,32,48,11,-22,16,21,-5,-50,36,44,35,48,-1,-22,-37,-6,52,-51,44,-6,-29,30,-51,-12,-3,12,-11,-1]

Passed:
[-31,-1,22,33,5,-36,50,-22,20,-11,-4,-36,25,-11,-22,2,-33,50,23,-26,-28,-4,-6,26,-4,41,22,19,19,22,-18,5,-27,18,-5,6,8,42,-27]
[-35,-22,15,-49,-5,55,42,-28,-24,-43,29,21,5,-46,27,-1,-32,20,25,7,-41,-11,10,-37,55,-54,9,-1,42,19,36]

Passed:
[40,40]
[-12,-45,-2,8,13,24,-8,-31,54,-19,47,5,22,-2,41,-38,36,-35,53,33,-52,-35,28,-51,30,-25,29,30,-20,18,13,-44,-31,52,47,-25,-49,28,4]

Passed:
[-47,-43,-40,29,0,21,-44,47,-39,-8,29,-37,4,-28,-18,5,-54,-57,3,-36,52,-51,-48,-53,-7,-39,-31,-25,-26,33,-11,6,-4,-57,-13,-34,32,-42,28,-17,-51,33,34,14,-7,-22,-51,-11,-26]
[29,-30,22,25,40,-33,-7,20,-47,-12,22]

Passed:
[-11,-13,-35,-4,-13,-1,24,15,-26,-47,-47,26,8,14,56,35,-18,15,39,44,-22,49,-55,-54,16,14,-33,-22,-21,5,3,-45,-56,-41,41,-58,28,-38,-1,0,37,-48,56]
[-43,32,17,2,-27,33,45,35,43,56,-49,-26,4,58,34,7,-22,43,25,-35,17,-12,36,33,-24,-45,-40,-31,-58,24,5,-2,29,-31,0,-15,-28,-58,-1,-20,-13,-28,-11,-11,35,-58]

Passed:
[-53,52,-40,-38,-16,5,11,15,3,-20,52,13,29,-46,-50,-33,-31,35,-8,-15,41]
[1,1,-21,-26,46,25,-19,-22,-5,-52]

Passed:
[58,40,-33,16,-16,-28,-48,53,-42,-12,-13,7,-42,21,-45,56,-34,-27,-8,-49,-38,19,49,33,50,-21,-27,20,-52,-3,-11,23,-7,55,-60,-59,-31,-13,-34,-31,19]
[56,32,-56,-40,-15,38,-51,-41,-59,-13,-58,-25,19,-19,20,-52,-24,53,-45,49,57,-5,-15,-55,-17,-52,-46,-38,41,40,-54,-54,-58,13,-30,53,-48,-56,-56,-55,60,47,18,-35,-48,-13,9,-6,-2,10,16,-40,-6,-55,-60,-7,29]

Passed:
[-46,40,51,-41,19]
[-40,38,-9,-52,-53,36,-10,25,-49,-21,-28,-32,-37,-32,-38,56,-57,12,27,18,-8,-45,-24,48,-32,51,-4,-1,16,24,53,5,-44,-53,19,4,58,-10,8,55,21,-22,31,-13,-52,31,-45,-57,52,8,60,39,48,-46]

Passed:
[-10,43,-41,15,47,-38,26,16,-17,-44,-8,-62,59,53,1,26]
[-2,51,-34,58,-41,55,-23,-46,25,31,-36,-55,-56,-59,37,-59,12,-25,-15,-39,-35,-53,-59,18,-47,15,-6,-50,-18,-15,-4,-57,-9,14,48,-2,-6,0,47,-17,44,40,47]

Passed:
[-8,-58,-57,22,-5,58,-1,30,-48,43,-3,4,29,-4,38,-45,0,0,-9,-20,38,-50,-38,-13,-8,-39,-24,9,-16,-23,61,-58,34,63,17,12,30,28,-51,34,-22,-32,41,-56,24,22]
[32,18,-52,33,43,-16,2,59,-41,61,6,30,29,50,22,17]

Passed:
[-21,49,-63,-7,57,51,-25,-8,-2,-31,26,39,40,-33,-16,12,25,57,-23,-16]
[21,-63,18,15,37,-1,-2,19,-1,-52,-62,40,49,46,-39,48,-18,55,-9,-55,-40,-7,3,34,13,-44,-40,-17,-46,-28,-43,57,27,48,60,17,-51,-4,-14,41,6,30,-47,-49,12,-3,24]

Passed:
[21]
[-65,-22,8,45,-47,55,-18,-63,51,-22,-65,-19,-38,-20,-49,-65,-59,42,-15,49,-36,-49]

Passed:
[12,63,-21,-60,63,-46,16,38,41,-32,7,57,-1,10,27,6,-29,14,-34,-1,-6,15,-22,50,17,7,-19,55,-32,21,33,59,19,34,-8,61,37,35,-5,56,43,52,-30,60,-58,2,44,41,-16,5,25,-60,-58,-20,50,23,-28,31,-39]
[2,-10,-44,-16,-30,-9,-14,9,39,33,16,-33,66,63,-14,6,-15,65,43,-18,52,19,26,51,57,24,19]

Passed:
[-5,-36,18,-64,62,-41,-27,55,54,-46,44,49,27,-26,12,-54,-3,-58,-35,48,49,-23]
[52,-55,62,-49,-61,47,41,-32,-35,-16,-4,-11,14,-1,33,-28,-54,-51,-66,-67,-52,36,1,-11,5,-51,44,-49,42,25,-18,41,28,-27,-22,1,2,63,-49,61,42,47,-51,-2,52,-28,66,-41,16,-6,41,-26,-54,-39,-5,-9,4,-46,-41]

Passed:
[-3,-65,-6,14,-26,-62,12,7,-7]
[58,-57,-48,12,-21,56,-21,24,5,49,-41,20,-16,44,-4,-4,-67,-48,-50,26,-15,35,-4,8,4,-14,14,68,67,48,8,55,-12,26,35,-21,21,-12,-4,9,56,10,1,-26,-10,60,-32,2,-32,28,18,7,68,43,-53,-2,-44,-14,64,-49,-19]

Passed:
[]
[-54,-20,45,38,22,3,23,55,-60,-66,34,28,8,37,42,27,14]

Passed:
[21,59,64,-53,-51,69,-40,-52,4,-28,-65,-11,22,16,-54,-44,4,-49,0,-50,-3,55,38,68,59,-32,-31,-62,33,21]
[18,63,7,-52,-28,16,62,-44,46,-66,-15,64,-46,-60,68,-10,-34,60,37,28,-4]

Passed:
[12,-41,-42,66,-30,34,71,-43,20,8,14,-34,27,-16,-7,67,16,-37,-68,-37,53,-48,-63,-4]
[-14,-1,63,62,7,24,42,53,1,-23,-59,71,-54,-51,-46,-42,-39,0,53,22,-1,34,11,2,-61,64,-2,-14,63,25,28,-50,37,-6,38,67,29,21,-60,37,-61]

Passed:
[23,49,-43,-63]
[14,3,-30,-62,-39,-65,3]

Passed:
[-34,-46,45,54,-46,-69,-14,6,27,63,57,10,21,17,71,72,-73,9,55,-32,-2,54,-63,47,-4,-40,65,-27,-49,2,56,32,-53,-9,-9,67,-51,-23,-55,7,-32,-11,34,-17,39,-61,-35,-48,45,20,-6,0,60,56,38]
[69,21,-64,9,-63,-65,25,-65,8,-34,-73,35,-47,19,16,-17,5,-15,59,44,-10,27,-53,51,-66,19,-54,34,-28,27,-9,49,-33,-36,-27,42,63,-2,13,57,-59,-5,58,-41,-37,-10,-22,41,8,52,54,-30,23,55,-38,62,25,16,-39,-43,-63,32,45,46,-28,44,-18,37,-12,-52]

Passed:
[-36,14,32,20,65]
[15,-16,-63,12,21,-48,-68,46,74,-72,58,-6,-26,-43,4,-34,37,27,-42,30,-21,-28,-65,-71,-40,-27,11,20,-3,39,-74,8,70,-25,64,-44,18,-11,36,45,-63,-59,21,59,47,24,11,26,68,42,54,1,-3,-73,-28,25,-66,-69,-40,62,-36,-34,22,18,-67,19]

Passed:
[2,-75,8,63,-58,-74,32,-51,49,23,32,-50,-32,12,-48,34,56,5,-65,-38,-40,48,2,66,-46,11,33,67,-70,59,13,-43,63,-31,-73,39,-4,-72,27,31,-20,-5,42,63,-40,-10,-57,-54,-68,69,-15,65,16,-51,42,-8,69,74,-67,-67,55,66,69,8,-20,-4,-25]
[11,27,59,22,-8,52,43,37,-65,10,20,-62,10,-9,-12,-20,-57,30,6,-74,-25]

Passed:
[-18,56,49,-49,-60,0,13,29,-48,18,-72,48,-62,65,59,9,-38,56,-69,-64,-64,-55,-10,-58,68,-76,73,0,31,-8,26,9,-15,0,33,-50,71,18,66,-71,54,-63,-24,-17,-51,-10,70,7,-33,-71,-72,-13,28,30,-76,-22,-3,-74,-72,-73,-54,-23,-28,-43,3,62,62,7,-41]
[1,-50,55,2,-16,-71,65,-72,13,31,-32,65,-8,9,-29,32,45,30,-76,-33,3,20,-60,45,32,26,-33,39,-69,17,24,-17,-36,27,44]

Passed:
[-2,35,-52,16,52,66,-38,-5,35,29,47,75,41,46,35,-72,40,-65,-4,-12,-37,-4,60,21,2,-1,-39,38,-67,-30,2,36]
[-35,46,-64,-36,-14,52,49,33,39,-31,-24,31,54,68,-21,-60,0,7,-50,45,-66,30,-24,-43,34,71,-24,-73,16,20,2,6,68,55,38,-25]

Passed:
[19,-72,-76,-45,45,55,43,50,-39,31,64,-13,-53,7,-26,10,57,-61,-76,17,-35,-1,-7,-29,-59,33,-41,65,-39,53,-67,-62,0,-35,52,1,-54,33]
[-8,17]

Passed:
[-51,-71,-79,75,60,31,-64,78,5,-69,35,78,-32,16,20,34,-37,-28,46,-52,38,53,-21,9,-45,-37,4,41,-71,-53,-78,-63,-48,-74,8,-8,-41,-29,-13,-53,-1,20,-39,5,15,-46,-57,-30,-54,-37,-44,-74,-23,28,-13,-47,79,-20,51,6,-61,59,-66,46,-71,15,-68,36,26,10,43,-17]
[-66,77,56,64,56,45,16,-31,24,45,-75,54,16,-58,49,-30,-42,-18,15,-20,19,59,-14,17,-14,41,65,-23,41,-79,14,73,-7,-28,-7,31,-76,-14,15,73,-58,-5,-40,20,43,19,65,61,6,77,5,-43,-78,20,54,33,21,-55,-49]

Passed:
[67,-50,51,47,8,78,-41]
[-5,-47,4,0,-66,-35,75,39,80,4,-25,-51,-50,74,-46,-75,-37,68,27,64,-38,6,-74,43,-62,-45,19,37,48,-46,40,-2,-30,-43,58,-9,5,63,-6,-72,-24,-16,7,76,-24,78]

Passed:
[-9,-64,52,4,4,22,-26,26,-2,40,-6,78,32,33,34,19,27,-62,64,16,-15,43,76,-75,62,-74,34,-28,-12,76,25,-49,-38,-64,53,45,22,40,-71,2,6,81,-48,78,-74,-13,56,74,-50,-1,-36,47,45,51,57,-76,-50,48,65,-42,2,-63,80,11,-34,76,-2,20,44,49,-8,15,-74,-44,50]
[-30,-8,39,5,-76,50,-57,-10,-22,75,26,27,-37,77,10,75,53,70,31,72,-73,-11,58,55,78,52,42,13,-32,-64,-57,40,61,18,-16,73,-13,69,5,63,59]

Passed:
[-30,-10,-54,69,-50,-64,-75,-49,-71,50,15,-74,3,-42,37,-73,-63,20,-29,77,-18,53,24,59,49,-35,-58,-44,-17,69,11,47,-20,62,-64,48,-15,-7,-13,82,50,-17,69,-33,48,60,-40,64,8,-78,-34,76,-77,44,1,73,35,51,56,-31,-28,34,57,23,-39,73,4,-81,-36,-16,69,-9,-7,-70]
[33,0,7,-48,74,56,19,41,59,73,64,-56,-71,-2,-45,-13,31,-73,10,7,-77,82,-13,73,-73,29,-59,54,26,-67]

Passed:
[48,-71,36,-16,-60,-62,32,42,28,17,71,-61,17,73,-35,12,58,65,68,48,-55,50,68,-9,17,4,-7,-81,6,32,-27,24,-33,-11,-52,63,-40,13,-20,35,23,-55,-35,20,-32,-30,23,57,-55]
[60,-37,-26,-57,60,-31,-68,49,-26,75,-13,10,64,77,52,-6,75,-61,-79,-11,-24,32,2,8,-35,-42,-72,73,-76,19,67,-50,2,4,-69,-57,-29,43,50,50,20,-72,-74,-68,-69,-53,-54]

Passed:
[22,-10,-47,76,34,31,74,-80,-61,33,-52,-27,-77,-65,-30,-1,26,-24,-23,-57,5,-29,-3,-75,-18,30,54,-70,-62,-22,-12,64,7,40,-4,-27,63,64,24,-46,62,-78,21,-82,-84,-17,-76,43,60,-17,-12,-66,-51,43,-65,24,19,80,-37,0,42,-56,-41,-59,-29,39,45,24,-39,20,47,-47,79,-43,-25,48,6,52]
[-53,39,14,48,14,-49,70,21,35,31,63,50,-84,60,-80,-32,1,-15,26,-36,-50,1,80,-51,8,22,-65,2]

Passed:
[52,-71,-3]
[-21,-42,55,78,-7]

Passed:
[72,80,-57,58,-16,38,-86,83,70,69,-72,21,-27,-46,-42,-77,13,32,45,-21,-36,-2,57,-14,35,33,-42,-64,46,82,-38,80,-67,-51,75,-36,-86,-42,85,-57,59,-48,-31,-70,-4,-50,68,-50,-28,10,86]
[-70,24,82,72,-30,24,-79,-60,48,45,-70,-83,-14,-76,-25,8,16,31,69,-22,-66,-62,-67,-29,-24,51,-21,12]

Passed:
[-80,42,-4,-57,-38,-44,70,-70,-50,60,-11,49,-49,18,-78,-60,37,4,-43,85,73,-72,0,-76,77,-18,-64,84,-10,-5,-39,-78,-12,-16,-69,58,-87,50,-72,-80,-13,86,3,41,14,-21,59,-84,-71,45,-48,-75,47,-31,17,-77,82,26,-58,69,-34,20,84,37,44,82,-81,71,-3,-29,49]
[68,-25,-19,83,-52,7,-78,-17,-11,65,-78,26,71,-78,-48,62,-57,58,-43,-63,-61,-66,-68,-45,-61,75,-82,37,-11,31,52,-43,43,-15,-17,67,79,75,51,-36,66,-19,-54,-60,-60,-22,-8,59,47,-23,6,60,9,-81,-43,66,-74,36,-28,-21,-63,4,-79,-78,48,10,-83,24,29,-10,29,-86,67,27,58,33,59,23,42]

Passed:
[-27,24,-21,46,47,5,29,-68,-42,-74,-78,-27,-23,24,0,44,-3,-78,47,-26,-55,-27,0,55,-54,14,87,41]
[85,-65,-17,26,32,49,87,72,50,-57,64,76,83,-24,-24,-55,-2,60,50,-78,-79,-84,-16,88,50,-77,-62,-82,-10,-25,34,25,-27,80,33,-32,48,19,78,-68,-9,-17,71,-78,-85,85,-16,-10,14,-55,73,59,-20,-74,59,49,59,18,-85,-44]

Passed:
[74,85,-9,-79,57,60,-36,-51,83,64,-39,63]
[-10,-86,6,49,64,-11,3,34,-40,-53,-22,-15,4,-44,-20,-45,66,-69,74,20,-44,17,-26,16,-47,-80,13,-17,72,26,33,-86,84,14,76,-69,21,28,-23,-16,-24,65,84,87,39,-53,-43,85,28,-81,30,66,18,-88,34,-73,-56,4,47,87,-3,29,-7,18,80]

Passed:
[65,-80,36,16,-8,-20,-69,44,-26,-58,-65,-61,26,-62,-10,64,-45,-51,-17,5,50,-57,-62,-49,-24,-49,65,32,1,13,-36,-86,16,51,-77,90,79,-49,-1,-33,74,-38,62,51,-25,-36,-15,-64,-37,-90,-63,-22,5,0,21,-11,-26,-32,83,6,69,-38,11,-2,57,-8,13,80,61,68,14,-50,42,62,-85,43,-50,-25,-13,61,-40,29,-46]
[-76,-50,-24,-67,27,87,-9,32,-3,-11,82,12,23,-21,-70,37,-30,61,47,-2,-89,14,-45,31,-49,-46,46,-45,51,69,38,-23,4,44,31,79,23,-16,-15,45,-18,39,90,2,-63,-39,-49,88,52,20,-18,79,-24,77,-64,60]

Passed:
[84,-78,9,-33,6,-64,38,-11,-66,19,-68,-55,56,-26,-62,72,43,-77]
[89,54,-71,-35,-69,-1,-73,90,-5,-41,-1,5,-39,-15,-59,-20,-65,71,-56,-19,18,2,61,-52,87,71,-25,87,-51,24,-67,1,-48,-11,3,53,34,-29,-44,-77,-60,-40,-46,-39,-46,-87,-36,-89,-64,-40,-39,4,-30,-76,50,64,-77,5,16,-44,-11,-57,88]

Passed:
[-30,44,-71,40,35,-44,-6,-23,-89,66,-47,6,79,1,11,-9,-39,-70,-18,54,56,65,41,-33,-74,76,82,83,-81,-40,-90,13,-77,26,85,-4,-76,-8,-4,-25,32,-62,-59,14,-20,28,37,83,22,85,12,61,-15,-84]
[7,-36,65,34,-14,-79,15,-40,-43,-65,-85,72,-17,-58,-56,-27,-1,74,43,-69,-47,61,86,-74,38,26,86,57,-49,-31,74,-61,72,27,78,-65,-70]

Passed:
[-10,89,-9,-18,-52,-61,59,88,-54,19,87,21,-51,24,-86,-23,-84,85,29,30,35,-60,67,12,-82,-58]
[9,-51,-92,62,-46,53,90,4,12,-2,-86,50,34,15,-66,-25,47,14,-54,65,42,-51,-75,63,90,-12,17,40,-20,-40,4,-16,-27,-82,16,-43,-81,-21,47,-70,-5,79,70,-8,-39,-91,-69,31,-6,51,25,30,83,-56,5,-89,-24,90,0,48,8,-10,31,58,2,-71,3,-18,-39,47,55,-57,-83,-40,-31,-85,47,-92,70,-60,-84,-88,1,-46,-73,1]

Passed:
[-92,19,94,-31,-36,-67,-37,20,73,-22,-11,-84,94,11,-39,-43,-35,70,29,13,-31,9,71,42,-27,-70,1,70,-88,-74,-40,-67,-94,22,-48,-59,-36,-82,-22,-48,-25,-9,42,77,-37,65,93,83,-31,82,86,-74,-30,-45,-62,56,30,19,-42,34,-48,-55,93,-52,-31,53,-64,-17,69,61,4,53]
[82,-29,-38,90,-74,75,81,-15,75,-73,57,22,35,82,-56,-24,67,-82,-24,14,-45,-22,80,1,54]

Passed:
[-63,-87]
[-54,-30,-59,44,-5,-54,74,85,11,-86,-28,64,-30,16,72,-92,7,-25,56,3,30,72,78,8,11,32,-2,68,22,-37,-61,90,-2,59,-36,-18,-36,-36,0,45,23,80,93,-1,-44,-44,-45,81,-17,18,-6,-5,-67]

Passed:
[53,92,70,-60,79,29,-41,-16]
[-75,-57,-51,62,-78,49,-57,62,-65,-59,29,-74,32,59,-37,-10,86,-39,74,13,67,-21,41,-48,-13,-93,21,33,-70,-88,81,-7,19,51,-65,70,-6,75,27,56,50,25,-67,-69,-3,-23,-21,-25,-80,70,-94,-90,-1,-12,21,-34,-23,-75,8,20,-91,55,38,0,61,28,-92,65,79,2,-80,-25,32,-84,-39,-1,15,-72,-54,-25,-89,-63,-51,-47,59,-74,-37,-93,-36,38]

Passed:
[]
[-97,1,-64,-46,-46,-2,-77,91,51,-57,9,-79,10,9,24,-55,44,-55,-63,-68,-34,-3,73,81,-14,-34,-52,16,-20,-27,51,2,-87,90,44,37,78,-94,29,-51,-77,48,-84,96,69,-87,76,-43,64,82,22,80,-28,14,-86,25,-10,-51,41,-24,-57,-38,-12,13,26,91,-76,35,72,-41,43,-17,-47,81,6,11,49,-65]

Passed:
[-90,-50,-77,14,-76,21,-7,43,-7,76,-72,92,25,57,89,-63,-20,42,-28,-83,-42,62,-65,-15,-46,56,78,23,-4,-1,-80,6,-81,-25,63,-34,41,-57,26,93,-91,-4,97,38,-1,-62,86,26,-74,-93,-47,16,-12,2,31,98,15,60,6,97,-76,87,-69,81,-31,70,-64,35,45,-68,12,62,5,53,60,-44]
[46,-65,23,-79,-71,-83,-15,27,-70,46,-91,22,-17,48,-46,-48,-74,-50,54,2,39,10,-24,45,-13,0,-78,33,27,-73,-54,-95,31,53,-22,84,15]

Passed:
[-66,33,21,8,94,-38,12,15,-69,94,66,41,-80,32,4,88,-70,-3,40,-50,58,97,65,20,-44,62,-54,-41,-12,-4,62,24,0,-52,-86,87,-60,37,3,-69,49,25,42,-60,-60,-32,-16,-54,97,-30,-72,53,84,24,29,-59]
[2,93,50,90,-67,-8,41,-53,25,-13,-27,19,-79,24,79,-22]

+++ OK, passed 100 tests.
*Main Test.QuickCheck>
